350003
350004
350008
350011
350012
350014
350016
350017
350018
350019
350020
350025
350028
351001
351004
351005
351010
351012
351013
351014
351016
351017
351022
351023
351024
351026
351027
351028
351029
351031
351032
351037
351039
351040
351041
351044
351046
351047
351048
351049
351050
351051
351052
351053
351055
351056
351057
351058
351059
351060
351061
351062
351063
351064
351066
351067
351068
351069
351070
351071
351072
351073
351074
351075
351076
351077
351078
351079
351080
351081
351082
351083
351084
351085
351086
351087
351088
351089
351090
351091
351092
351093
351094
351095
351096
351097
351098
351099
351100
351101
351102
351103
351104
351105
351106
351107
351108
351109
351110
351111
351112
351113
351114
351115
351116
351117
351118
351119
351120
351121
351122
351123
351124
351125
351126
351127
351128
351129
351130
351131
351132
351133
351134
351135
351136
351137
351138
351139
351140
351141
351142
351143
351144
351145
351146
351147
351148
351149
351150
351151
351152
351153
351155
351156
351157
351158
351159
351160
351161
351162
351163
351164
351165
351166
351167
351168
351169
351170
351171
351172
351173
351174
351175
351176
351177
351178
351179
351180
351181
351182
351183
351184
351185
351186
351187
351188
351189
351193
351194
351195
351196
351197
351198
351199
351200
351201
351202
351203
351204
351205
351206
351207
351208
351209
351210
351211
3500031
3500041
3500081
3500111
3500121
3500141
3500161
3500171
3500181
3500191
3500201
3500251
3500281
3510011
3510041
3510051
3510101
3510121
3510131
3510141
3510161
3510171
3510221
3510231
3510241
3510261
3510271
3510281
3510291
3510311
3510321
3510371
3510391
3510401
3510411
3510441
3510461
3510471
3510481
3510491
3510501
3510511
3510521
3510531
3510551
3510561
3510571
3510581
3510591
3510601
3510611
3510621
3510631
3510641
3510661
3510671
3510681
3510691
3510701
3510711
3510721
3510731
3510741
3510751
3510761
3510771
3510781
3510791
3510801
3510811
3510821
3510831
3510841
3510851
3510861
3510871
3510881
3510891
3510901
3510911
3510921
3510931
3510941
3510951
3510961
3510971
3510981
3510991
3511001
3511011
3511021
3511031
3511041
3511051
3511061
3511071
3511081
3511091
3511101
3511111
3511121
3511131
3511141
3511151
3511161
3511171
3511181
3511191
3511201
3511211
3511221
3511231
3511241
3511251
3511261
3511271
3511281
3511291
3511301
3511311
3511321
3511331
3511341
3511351
3511361
3511371
3511381
3511391
3511401
3511411
3511421
3511431
3511441
3511451
3511461
3511471
3511481
3511491
3511501
3511511
3511521
3511531
3511551
3511561
3511571
3511581
3511591
3511601
3511611
3511621
3511631
3511641
3511651
3511661
3511671
3511681
3511691
3511701
3511711
3511721
3511731
3511741
3511751
3511761
3511771
3511781
3511791
3511801
3511811
3511821
3511831
3511841
3511851
3511861
3511871
3511881
3511891
3511931
3511941
3511951
3511961
3511971
3511981
3511991
3512001
3512011
3512021
3512031
3512041
3512051
3512061
3512071
3512081
3512091
3512101
3512111
370000
370001
370002
370003
370005
370007
370009
370011
370013
370015
370017
370019
370021
